time	1	2
1	1.024247291	0.001568747
2	1.086577281	0.030703987
3	1.100033414	0.032786409
4	1.155908494	0.048377175
5	1.228581744	0.061141297
6	1.283367355	0.053886917
7	1.311392739	0.08858722
8	1.346335816	0.100463649
9	1.403119455	0.117624293
10	1.467070277	0.138407523
11	1.512227573	0.142270537
12	1.568082047	0.163573831
13	1.624577201	0.18226198
14	1.6779081	0.190495241
15	1.738845095	0.220826807
16	1.810765252	0.218495418
17	1.868472302	0.215896063
18	1.940131659	0.233390995
19	1.983320481	0.250355533
20	2.065371698	0.263342843
21	2.129098417	0.267671723
22	2.226538034	0.296457257
23	2.274177098	0.295255564
24	2.350219189	0.320548158
25	2.407680678	0.32094912
26	2.516418593	0.336661598
27	2.577480754	0.355323043
28	2.635177522	0.364151247
29	2.713323098	0.380195592
30	2.810246197	0.403540317
31	2.917508699	0.41104748
32	2.994132266	0.428342103
33	3.065279403	0.441857795
34	3.166692075	0.477316789
35	3.24792726	0.449903185
36	3.334027789	0.477901148
37	3.441857947	0.498477215
38	3.529962696	0.499629946
39	3.622932299	0.520032787
40	3.712573949	0.531801776
41	3.825916219	0.540998654
42	3.937037528	0.555635252
43	4.032919749	0.558907736
44	4.120600257	0.58578612
45	4.239221041	0.600521331
46	4.347915977	0.604706327
47	4.443002716	0.623704604
48	4.590386171	0.62856276
49	4.685629858	0.63699155
50	4.796624591	0.643782845
51	4.912709092	0.672763415
52	5.015743751	0.674227095
53	5.129757288	0.680620114
54	5.255636462	0.707542012
55	5.381847841	0.704650748
56	5.507461391	0.719802552
57	5.604666435	0.722938546
58	5.74418182	0.758007711
59	5.885254425	0.738747232
60	5.979523962	0.778559602
61	6.126347762	0.766657644
62	6.223399325	0.785676949
63	6.368213929	0.807763123
64	6.507330889	0.807145075
65	6.638279677	0.828295568
66	6.763428266	0.831064185
67	6.897735324	0.84595122
68	7.04776033	0.861351212
69	7.178029464	0.858276329
70	7.31793244	0.892248344
71	7.45042721	0.887999245
72	7.579058656	0.918990317
73	7.720264421	0.897459081
74	7.853221199	0.916387334
75	8.003717922	0.926415565
76	8.130751185	0.924860395
77	8.268279188	0.928893999
78	8.430487629	0.94743896
79	8.575969022	0.974634767
80	8.706475017	0.976059948
81	8.842170986	0.997615059
82	8.988369269	0.991078545
83	9.136835438	1.01552895
84	9.281701097	1.033128848
85	9.409641306	1.031666261
86	9.566709164	1.045799876
87	9.691988728	1.050911345
88	9.829378933	1.069454339
89	9.970068319	1.074711181
90	10.11876593	1.074969403
91	10.2445892	1.101113356
92	10.39217645	1.085200367
93	10.53081743	1.11628121
94	10.66582506	1.124828679
95	10.80026795	1.140252915
96	10.95327943	1.130740326
97	11.09542341	1.144626602
98	11.22802552	1.141337614
99	11.3619774	1.166939939
100	11.49025856	1.182406087
101	11.62928902	1.183917924
102	11.76228997	1.180460701
103	11.90243966	1.206148505
104	12.03782915	1.197338718
105	12.17324021	1.238004835
106	12.29039407	1.214424457
107	12.43108609	1.202119944
108	12.54205933	1.25805841
109	12.65102443	1.249503898
110	12.77990692	1.263093503
111	12.92214911	1.276847233
112	13.03572012	1.275086181
113	13.16608842	1.287993768
114	13.27429988	1.278516106
115	13.39883091	1.313117045
116	13.48630048	1.318179625
117	13.60378724	1.314943123
118	13.72262421	1.311840172
119	13.81021615	1.339869848
120	13.9291077	1.316986769
121	14.0340097	1.336222251
122	14.1318803	1.344969276
123	14.24252838	1.350935157
124	14.33890581	1.367845204
125	14.4329225	1.354055089
126	14.5218373	1.385271578
127	14.6242764	1.374340826
128	14.70727615	1.405623931
129	14.78784899	1.394734204
130	14.87354268	1.400178377
131	14.9383072	1.399901542
132	15.02409191	1.41496832
133	15.10725287	1.422502324
134	15.16710898	1.422167744
135	15.24036954	1.43158485
136	15.30242857	1.447059347
137	15.37208818	1.432080602
138	15.44400204	1.436857915
139	15.47981635	1.44268911
140	15.52480206	1.457278587
141	15.59150336	1.460087258
142	15.66138327	1.475054222
143	15.69160765	1.460123275
144	15.74946428	1.475119773
145	15.78437096	1.48544985
146	15.81324879	1.478859584
147	15.85339012	1.494723999
148	15.85276232	1.491446549
149	15.91082727	1.493978762
150	15.90076803	1.515204683
151	15.93185984	1.503328753
152	15.9427989	1.504133051
153	15.97686197	1.508672419
154	15.97394621	1.517727589
155	15.98812368	1.530349776
156	16.00371147	1.522054062
157	15.9974859	1.521262193
158	15.99519513	1.524028488
159	16.00343507	1.531936268
160	15.98074285	1.562562421
161	15.96008133	1.537798508
162	15.96207595	1.540446894
163	15.93486457	1.525390364
164	15.91696541	1.545188315
165	15.88195183	1.541118182
166	15.86837492	1.556758902
167	15.8467176	1.560461964
168	15.82201756	1.552406269
169	15.76292102	1.555647214
170	15.73582544	1.557367533
171	15.70044852	1.574888117
172	15.65762293	1.583072486
173	15.60697753	1.579131966
174	15.55860823	1.551760321
175	15.48911032	1.581862598
176	15.4491129	1.565646925
177	15.37726157	1.562587757
178	15.3143296	1.570235748
179	15.24760261	1.575297217
180	15.1856186	1.576787837
181	15.11662436	1.55772576
182	15.02480735	1.581605941
183	14.97108618	1.578294154
184	14.88026719	1.563236542
185	14.79280178	1.581890675
186	14.71641854	1.583655376
187	14.63167024	1.565872694
188	14.53163819	1.562200566
189	14.43591325	1.586796604
190	14.35800657	1.558287699
191	14.25949676	1.586345277
192	14.14704729	1.567978335
193	14.05045167	1.581673413
194	13.93596883	1.586958948
195	13.84390006	1.594814418
196	13.74961552	1.575325846
197	13.61870234	1.577311322
198	13.53376893	1.580364508
199	13.41263054	1.576643389
200	13.28560236	1.577578657
201	13.18839214	1.578112088
202	13.05166043	1.570072781
203	12.93869757	1.554659102
204	12.82753189	1.569395276
205	12.68863558	1.577025852
206	12.5585071	1.569489356
207	12.41903964	1.560464709
208	12.32544122	1.572569301
209	12.18142259	1.555718562
210	12.06749621	1.580523613
211	11.91145561	1.559215158
212	11.82448775	1.554666745
213	11.65455973	1.560305391
214	11.508459	1.557414872
215	11.3915954	1.548271763
216	11.25147016	1.550429858
217	11.12345694	1.538661942
218	10.96987641	1.537684094
219	10.83227163	1.545564521
220	10.69204805	1.543567222
221	10.56743563	1.534343253
222	10.42967787	1.541091219
223	10.27886783	1.535259865
224	10.1410617	1.52582074
225	9.992464583	1.529906913
226	9.857946997	1.491891603
227	9.705911334	1.524127785
228	9.596120343	1.506294136
229	9.414955357	1.505170401
230	9.269667366	1.528713257
231	9.137978432	1.512888742
232	8.996490121	1.506115147
233	8.86911713	1.501315202
234	8.740108637	1.505595134
235	8.59377279	1.497436453
236	8.425026246	1.501990594
237	8.303777741	1.49320769
238	8.163499548	1.484678144
239	8.022045817	1.491142078
240	7.885894541	1.47636517
241	7.740995559	1.457463102
242	7.599843228	1.456621417
243	7.4646347	1.461200571
244	7.332187371	1.471906587
245	7.198526634	1.454573648
246	7.050732695	1.449055573
247	6.928961823	1.440734806
248	6.792521347	1.441614075
249	6.6455999	1.449751161
250	6.532995474	1.443454612
251	6.40198474	1.429227187
252	6.248715683	1.404680226
253	6.149024204	1.411532363
254	6.000469052	1.430966341
255	5.882237072	1.418604004
256	5.768900332	1.379802345
257	5.625823066	1.372873101
258	5.520527923	1.400824784
259	5.371216011	1.370544177
260	5.289019688	1.364542367
261	5.154759579	1.365436689
262	5.034368024	1.369244653
263	4.938898199	1.366711863
264	4.835602895	1.3602077
265	4.70047597	1.351665776
266	4.595659939	1.357160709
267	4.473026974	1.333062551
268	4.372765614	1.323125618
269	4.255209397	1.330983604
270	4.136814342	1.327069043
271	4.049941289	1.313988693
272	3.941201933	1.311864764
273	3.847823751	1.310677326
274	3.728182882	1.305742488
275	3.643348875	1.305711524
276	3.560732111	1.290173834
277	3.446784754	1.297079461
278	3.349321745	1.289570995
279	3.276800473	1.276750756
280	3.174644271	1.266830708
281	3.068359805	1.247121933
282	3.003088573	1.251971904
283	2.916721341	1.241463137
284	2.823512514	1.240413907
285	2.754515632	1.241196178
286	2.669957205	1.241031616
287	2.580180405	1.211727304
288	2.52002413	1.226792207
289	2.441438311	1.20099682
290	2.373427527	1.203418524
291	2.282939817	1.181286798
292	2.21478248	1.199519984
293	2.126868512	1.182671232
294	2.067407485	1.200445969
295	2.020193297	1.160104125
296	1.957729649	1.173510978
297	1.867152079	1.160814951
298	1.819899908	1.150744579
299	1.76420092	1.134348386
300	1.69750151	1.141662141
301	1.635232668	1.145901624
302	1.572528181	1.127565767
303	1.525880796	1.118101113
304	1.464617757	1.105501501
305	1.415531394	1.102276281
306	1.353467042	1.101920231
307	1.318668491	1.09126149
308	1.264808479	1.085733086
309	1.220054249	1.08251148
310	1.191698335	1.067642292
311	1.133049921	1.063736612
312	1.102878379	1.076317186
313	1.019020747	1.046344076
314	1.004342457	1.055648477
315	0.963298728	1.044216363
316	0.912525891	1.044235222
317	0.873326038	1.028783334
318	0.851224531	1.034740895
319	0.828921851	1.011394229
320	0.795136017	1.021865348
321	0.745090271	1.020511224
322	0.707303897	0.980997182
323	0.672333051	0.989022103
324	0.653076379	0.980413135
325	0.619960817	0.976855097
326	0.610824719	0.96319626
327	0.574335348	0.979091874
328	0.562793646	0.938928692
329	0.526028434	0.937628506
330	0.501793205	0.928690841
331	0.493616637	0.942035974
332	0.470872231	0.927882043
333	0.440817777	0.92966451
334	0.427720708	0.900445098
335	0.389917372	0.92023158
336	0.363268374	0.91919924
337	0.347486913	0.901342023
338	0.330240098	0.891227478
339	0.348031167	0.892939336
340	0.309294119	0.870755429
341	0.287270101	0.863831599
342	0.288944251	0.856907444
343	0.236476802	0.863816275
344	0.242726085	0.881132142
345	0.233102545	0.856544404
346	0.227995078	0.852189213
347	0.215153936	0.848923807
348	0.19172496	0.831808518
349	0.175524189	0.829090859
350	0.190357611	0.826340877
351	0.16867543	0.8123065
352	0.137391924	0.790686837
353	0.146997539	0.789318443
354	0.135748005	0.778826979
355	0.15443259	0.781017327
356	0.117536484	0.792962283
357	0.131072715	0.788553184
358	0.100824102	0.773725494
359	0.111367378	0.769530893
360	0.102513621	0.764210012
361	0.103321873	0.756353323
362	0.08678378	0.756335845
363	0.071559238	0.730019916
364	0.084788375	0.741326137
365	0.059807206	0.741457844
366	0.056545087	0.733235854
367	0.064260943	0.726346499
368	0.045519629	0.73708873
369	0.062872622	0.70249853
370	0.041209903	0.71702864
371	0.063014241	0.685985306
372	0.037810689	0.694116084
373	0.062798956	0.674413528
374	0.02468656	0.685191605
375	0.020185106	0.685797009
376	0.02314485	0.671949444
377	0.037860308	0.664471984
378	0.029110371	0.666381837
379	0.039251446	0.65877457
380	0.020869676	0.654323888
381	0.013829706	0.646194973
382	0.029004144	0.637814036
383	0.014076806	0.65168844
384	0.021614721	0.635446927
385	0.013838051	0.624073553
386	0.012964124	0.623636065
387	0.01500011	0.628462676
388	-0.000617348	0.617111824
389	0.018714094	0.61824441
390	0.0186292	0.604054214
391	0.015788452	0.592402907
392	0.006655589	0.605000827
393	0.015147094	0.606848
394	-0.007125998	0.592429648
395	-0.007275116	0.594431028
396	0.004164437	0.593388948
397	0.006551046	0.586751649
398	0.007117893	0.586832999
399	0.003759068	0.589948512
400	0.000820045	0.564509176
401	-0.003296304	0.60586847
402	0.001433291	0.566540039
403	-0.00256022	0.55176442
404	0.001693211	0.577020113
405	0.003811474	0.557123148
406	-0.00464626	0.559871569
407	0.00315513	0.557278304
408	-0.002391236	0.544238009
409	0.012395771	0.545716646
410	-0.003894406	0.558612563
411	0.003243708	0.535885817
412	-0.00579614	0.539189087
413	0.011723278	0.557141991
414	0.010953052	0.524681005
415	0.003488727	0.537371599
416	0.003220518	0.530657007
417	-0.000505941	0.536955749
418	-0.012721435	0.528074549
419	0.002663846	0.539762261
420	0.002232394	0.533631356
421	-0.011591571	0.524506339
422	-0.007397059	0.516239391
423	0.010745361	0.555547924
424	0.005704263	0.522277545
425	0.003255691	0.519102549
426	-0.002385506	0.520044704
427	0.012425666	0.538525444
428	-0.003758293	0.512677031
429	0.008231723	0.519407167
430	-0.003723698	0.520563207
431	-0.008281737	0.519244714
432	0.005195648	0.499461303
433	0.006265323	0.504523198
434	-0.004570991	0.517401975
435	0.020639364	0.516553949
436	-0.008535048	0.516333699
437	-0.022143924	0.504798341
438	-0.00283625	0.500951667
439	-0.011962359	0.516941559
440	-0.008975783	0.51950402
441	0.001412233	0.521488835
442	0.009027154	0.514084353
443	0.012070846	0.499331637
444	-0.014585954	0.484803595
445	-0.003146527	0.513176901
446	-0.001634683	0.517821629
447	-0.003872967	0.533294579
448	0.006108443	0.505626367
449	0.001143571	0.52274449
450	-0.0213062	0.522987312
451	0.026816729	0.517335976
452	-0.013818476	0.525235498
453	-0.003486404	0.520910741
454	-0.004688793	0.504441145
455	0.001539026	0.52269851
456	-0.004398279	0.54800036
457	-0.002072819	0.517396957
458	0.000165011	0.525169891
459	-0.004568602	0.530476992
460	-0.006912847	0.531171165
461	0.020753533	0.541770858
462	0.014616772	0.547121562
463	0.014968333	0.543779407
464	0.000778656	0.553704028
465	-0.019005174	0.57011983
466	-0.016356148	0.551370154
467	-0.006410645	0.554993175
468	0.007215535	0.563518615
469	0.005687023	0.558539078
470	-0.009701897	0.564397207
471	-0.007617549	0.573083486
472	-0.003089436	0.574301722
473	0.001704177	0.579631015
474	-0.013107638	0.552316433
475	0.01184558	0.600270932
476	-0.003734654	0.59857564
477	-0.000192809	0.604384043
478	-0.012278474	0.597862957
479	-0.008755898	0.615207148
480	-0.007539626	0.59893394
481	0.007893577	0.614748185
482	6.20797E-05	0.600788551
483	-0.001799046	0.611639417
484	0.012836143	0.624446482
485	0.00343395	0.634323651
486	0.007528931	0.632228565
487	0.008639231	0.614835352
488	0.003221677	0.654089481
489	0.002153462	0.63597998
490	-0.007238109	0.631263734
491	0.00510194	0.652012987
492	-0.001851635	0.650543615
493	-0.003656682	0.657240546
494	0.00265443	0.673221437
495	-0.00045044	0.674919839
496	-0.008230641	0.675077862
497	0.017237633	0.686012978
498	0.010323144	0.708288577
499	-0.008793744	0.694593687
500	-0.007195539	0.716612687
501	-0.000580224	0.704727072
502	-0.005624619	0.714860122
503	-0.004462556	0.723006042
504	-0.000763304	0.726992811
505	0.005724553	0.731318672
506	0.006950258	0.748397159
507	-0.013632895	0.757155672
508	0.000702952	0.742209697
509	0.005225556	0.76412162
510	0.016869582	0.763372034
511	0.006751926	0.777081674
512	0.007480634	0.793787206
513	-0.012070381	0.812144207
514	0.013599716	0.803151641
515	-0.012934853	0.818473278
516	-0.002099078	0.818601863
517	-0.006181027	0.828296366
518	-0.015558938	0.841212762
519	-0.0122062	0.845800455
520	-0.000513155	0.855412395
521	5.93648E-05	0.832422078
522	-0.013343343	0.861548893
523	0.015469436	0.880434558
524	-0.016625443	0.860357955
525	-0.001995885	0.867706956
526	0.000357602	0.916740817
527	0.011291559	0.90653204
528	0.017809655	0.911886667
529	0.000524875	0.921232361
530	-0.001886618	0.927667809
531	0.021454874	0.936720057
532	-0.013076875	0.957170342
533	0.010871781	0.946223439
534	-0.004492653	0.977455371
535	0.013195471	0.97990572
536	0.018322859	0.992307415
537	0.013785178	1.002816126
538	-0.013822583	1.002412402
539	0.009673685	1.016538884
540	0.007031873	1.036074744
541	0.001912051	1.042365988
542	0.013862634	1.038319622
543	0.002091829	1.046258932
544	-0.007156256	1.057646959
545	0.006792552	1.078001824
546	-0.002326908	1.097024082
547	0.029572862	1.102262299
548	0.001683072	1.118441392
549	0.004832081	1.122131705
550	0.016945967	1.134802097
551	0.021411812	1.157950361
552	0.003218517	1.136736094
553	-6.82239E-05	1.174455242
554	0.019102002	1.187209219
555	0.012076743	1.181376047
556	0.01180129	1.190481958
557	0.000902741	1.210182337
558	0.016568283	1.204018972
559	0.011208439	1.225794837
560	0.010454181	1.253824185
561	0.020979339	1.234910324
562	0.019326639	1.253233925
563	0.013961838	1.28314953
564	0.019410273	1.27345032
565	0.021799083	1.280420426
566	0.036377589	1.290060402
567	0.036132067	1.302044633
568	0.029904853	1.325646525
569	0.042256237	1.345311448
570	0.039142124	1.347015426
571	0.043589585	1.357533616
572	0.055183078	1.370188333
573	0.049515903	1.382632214
574	0.051998947	1.396166336
575	0.073266431	1.407053985
576	0.064668257	1.410264057
577	0.069981719	1.432273506
578	0.071868838	1.444569325
579	0.085185666	1.456636544
580	0.092060088	1.484310332
581	0.094091803	1.478145049
582	0.093944056	1.488368223
583	0.0985787	1.495388125
584	0.107460441	1.527236581
585	0.093929259	1.529981748
586	0.112879772	1.533888759
587	0.142106884	1.550267793
588	0.146777717	1.574419309
589	0.157755097	1.565828114
590	0.154679971	1.601047579
591	0.177014889	1.597382758
592	0.165989419	1.613322606
593	0.191042065	1.65456719
594	0.195308598	1.645294824
595	0.201263718	1.673430706
596	0.211153603	1.671007343
597	0.233987567	1.673984877
598	0.244011939	1.697127799
599	0.265154041	1.71661006
600	0.270814788	1.717924092
601	0.304765625	1.740952513
602	0.316957675	1.744002689
603	0.32249889	1.753015645
604	0.333209162	1.773019404
605	0.354447966	1.779352544
606	0.374197817	1.800604703
607	0.389148641	1.829008675
608	0.40291885	1.814949
609	0.434473707	1.850931026
610	0.45470876	1.844071451
611	0.466061204	1.876479113
612	0.486392022	1.862704963
613	0.535358114	1.907089241
614	0.530862702	1.894930807
615	0.568682978	1.924293532
616	0.596123568	1.928880844
617	0.631522601	1.940380505
618	0.652529666	1.945462879
619	0.680934272	1.966762021
620	0.696780986	1.971048757
621	0.755754075	2.005056369
622	0.768500698	2.00781086
623	0.80909002	2.029869041
624	0.842255081	2.043174745
625	0.871296508	2.024882075
626	0.911415335	2.07456737
627	0.957175874	2.05898121
628	0.984530276	2.102573598
629	1.017295126	2.107890943
630	1.094417881	2.113190425
631	1.105785975	2.130667574
632	1.163788212	2.132355875
633	1.20533275	2.161004226
634	1.249582205	2.17266102
635	1.304772945	2.199078092
636	1.361640567	2.206311154
637	1.386715164	2.213366034
638	1.443136453	2.218204227
639	1.502918053	2.236074417
640	1.561666338	2.258414242
641	1.61331645	2.267829835
642	1.646277544	2.272648078
643	1.708951275	2.286770111
644	1.782550279	2.315346395
645	1.850279246	2.317046785
646	1.918570898	2.326562118
647	1.976525874	2.351838685
648	2.053916841	2.339553825
649	2.105385562	2.368223068
650	2.174109158	2.384963606
651	2.25071176	2.387835106
652	2.32352417	2.398756525
653	2.372500605	2.407762922
654	2.469575647	2.431363425
655	2.549313405	2.440362599
656	2.632434868	2.452539437
657	2.718888795	2.482836429
658	2.805064992	2.482837565
659	2.871650611	2.500846191
660	2.946452384	2.520074112
661	3.039854915	2.518775523
662	3.145905315	2.529418992
663	3.236028013	2.550807664
664	3.309002543	2.566516194
665	3.406137165	2.573915166
666	3.496176459	2.591908562
667	3.585259105	2.588307288
668	3.6908017	2.605229005
669	3.783535942	2.638075392
670	3.901493593	2.650092709
671	4.005364468	2.640507233
672	4.10814847	2.66329798
673	4.197971313	2.674083518
674	4.315486159	2.686197169
675	4.410192794	2.681293007
676	4.545551138	2.70156886
677	4.642040257	2.729482674
678	4.762342388	2.742924279
679	4.855992427	2.755092465
680	4.995709912	2.776119455
681	5.086934107	2.757927491
682	5.223927571	2.787999775
683	5.333686396	2.828282738
684	5.455851153	2.811868447
685	5.562044216	2.829322779
686	5.69724115	2.83202498
687	5.837109101	2.844270377
688	5.956888924	2.856226165
689	6.08536172	2.849313362
690	6.198082221	2.880905099
691	6.352787669	2.886363613
692	6.475688238	2.912978232
693	6.576018093	2.927237442
694	6.719640291	2.918780617
695	6.859838763	2.928585312
696	7.004243533	2.947297055
697	7.121856859	2.947795143
698	7.246734411	2.966652276
699	7.401277171	2.973378117
700	7.533063434	2.984120007
701	7.649131518	2.993348127
702	7.815407951	3.003598839
703	7.95037989	3.03242488
704	8.088417986	3.029886774
705	8.219299923	3.023869154
706	8.373160211	3.05078793
707	8.521956203	3.047507619
708	8.646147626	3.086510175
709	8.810208414	3.068898162
710	8.941940348	3.085354348
711	9.062887431	3.116813931
712	9.217142192	3.097000252
713	9.357698229	3.125926097
714	9.485070485	3.134203345
715	9.645015912	3.162699927
716	9.791297615	3.153572006
717	9.925325672	3.162576957
718	10.07326778	3.17168449
719	10.21069478	3.193432245
720	10.34121537	3.190179856
721	10.49361618	3.200895556
722	10.62165922	3.218855589
723	10.77914998	3.21573328
724	10.89550433	3.224290715
725	11.0478496	3.249339966
726	11.19266677	3.254415458
727	11.32076193	3.268966609
728	11.43751457	3.26693864
729	11.59792286	3.275225877
730	11.7345699	3.268666955
731	11.87814604	3.285176006
732	11.98889789	3.303498583
733	12.13211421	3.316695047
734	12.2562325	3.312951558
735	12.36200802	3.3208064
736	12.50357023	3.334484786
737	12.63535959	3.34751495
738	12.75511723	3.358669698
739	12.88473144	3.359218698
740	13.0032882	3.366793333
741	13.13218628	3.364092452
742	13.22053016	3.376896976
743	13.35989806	3.403667678
744	13.47486742	3.395323951
745	13.58058381	3.402907129
746	13.69783779	3.409912782
747	13.78493843	3.41254702
748	13.90848131	3.440876216
749	13.99037759	3.43160938
750	14.10862184	3.426461535
751	14.22209281	3.471071523
752	14.30401167	3.457076468
753	14.42118629	3.46785369
754	14.49134843	3.463706254
755	14.58352986	3.452769408
756	14.67959644	3.473165991
757	14.75859487	3.493023169
758	14.84418484	3.494250106
759	14.92857024	3.484996615
760	14.99742425	3.521693261
761	15.06067958	3.525742288
762	15.13899229	3.520974772
763	15.22293427	3.500673059
764	15.28100978	3.537515525
765	15.34670324	3.518380475
766	15.41414368	3.54615759
767	15.46465344	3.545071888
768	15.5362584	3.548223877
769	15.56663894	3.561261397
770	15.61605859	3.566799291
771	15.68311416	3.563726778
772	15.70225645	3.558853455
773	15.75337804	3.589443586
774	15.80590452	3.569980243
775	15.81072941	3.566159675
776	15.87328203	3.578856502
777	15.89258713	3.60204271
778	15.89731441	3.592686143
779	15.91192239	3.585398828
780	15.96614419	3.598258672
781	15.98314734	3.598077707
782	15.97727879	3.610138776
783	16.00054542	3.618032764
784	15.98880075	3.62143613
785	16.01108057	3.614635499
786	16.00891679	3.635641412
787	15.99787486	3.62208179
788	15.99091154	3.633375063
789	15.98789053	3.643281153
790	15.963518	3.651136269
791	15.95107461	3.63324555
792	15.95435177	3.637448265
793	15.92018903	3.634982563
794	15.87571529	3.632867525
795	15.85441065	3.63941036
796	15.81986028	3.656769535
797	15.79529622	3.647222819
798	15.75267667	3.642413848
799	15.68528643	3.648704673
800	15.65591512	3.648447254
801	15.61261672	3.656589783
802	15.55216437	3.665129127
803	15.50583673	3.665872024
804	15.47323746	3.675382812
805	15.40926483	3.654218914
806	15.35350872	3.680658968
807	15.26267741	3.670112854
808	15.19987	3.662260555
809	15.14978796	3.679262651
810	15.05559637	3.660373448
811	14.96940817	3.674588115
812	14.89085234	3.662682221
813	14.83356018	3.683727786
814	14.75378219	3.683435499
815	14.63946498	3.689480387
816	14.56209837	3.676596447
817	14.4765529	3.665371933
818	14.38317779	3.6731193
819	14.29293657	3.68202847
820	14.19954451	3.665660114
821	14.07715918	3.679475448
822	13.9905396	3.671660617
823	13.8732274	3.676722511
824	13.77680772	3.657399596
825	13.65570794	3.667825073
826	13.53943215	3.683255876
827	13.44764625	3.671861413
828	13.3292424	3.675549173
829	13.19023926	3.663050422
830	13.09060659	3.679565486
831	12.9884859	3.660349053
832	12.85014757	3.670175526
833	12.73758984	3.645114824
834	12.60235369	3.667934925
835	12.46338708	3.639977303
836	12.35339873	3.658781021
837	12.2191151	3.657452046
838	12.07857087	3.651233237
839	11.96197374	3.660808403
840	11.82966318	3.651944781
841	11.69586064	3.655329003
842	11.54474915	3.65656021
843	11.4183481	3.64805395
844	11.28878141	3.65279106
845	11.16446721	3.640207976
846	11.03230605	3.658561954
847	10.88608988	3.658198753
848	10.74346134	3.637227859
849	10.5858346	3.630484639
850	10.47990124	3.629248558
851	10.32078315	3.624769532
852	10.17008649	3.629662242
853	10.03155369	3.629766238
854	9.92002976	3.643098376
855	9.781063808	3.619920614
856	9.657447184	3.612205978
857	9.475885737	3.613211312
858	9.321881455	3.604616343
859	9.190945417	3.60344999
860	9.044531225	3.591562272
861	8.912338046	3.597435553
862	8.7696521	3.583972653
863	8.636288219	3.588109416
864	8.488352808	3.576646697
865	8.343438186	3.59850671
866	8.197881571	3.570235486
867	8.061786005	3.593222444
868	7.918872197	3.597584456
869	7.784971638	3.568459272
870	7.634891916	3.555632345
871	7.519896635	3.547767286
872	7.363795352	3.545484229
873	7.258744463	3.559802447
874	7.10963266	3.558536518
875	6.96314536	3.543598631
876	6.833472127	3.535125832
877	6.713176147	3.54312735
878	6.565721676	3.525327377
879	6.448301589	3.52522403
880	6.286980262	3.512373855
881	6.175124398	3.513273247
882	6.056503825	3.515625845
883	5.927001384	3.523384703
884	5.819593146	3.47439612
885	5.680648418	3.488634506
886	5.569364942	3.484082161
887	5.440145868	3.477278462
888	5.298552425	3.473016119
889	5.183035176	3.482811072
890	5.072916171	3.44530813
891	4.972580784	3.467621434
892	4.831201429	3.448857395
893	4.725616084	3.443836942
894	4.622198049	3.467265625
895	4.505115722	3.438022055
896	4.385658627	3.441278028
897	4.290287131	3.42140721
898	4.179686824	3.41237281
899	4.068650669	3.412849367
900	3.978610894	3.412175069
901	3.869641995	3.428575169
902	3.78682236	3.386597045
903	3.667836245	3.401117972
904	3.58625611	3.383484657
905	3.503881097	3.377905359
906	3.390825728	3.39380756
907	3.303258292	3.384872293
908	3.208276669	3.372779555
909	3.128369046	3.344878112
910	3.031443204	3.351513771
911	2.949625371	3.344909381
912	2.854329546	3.342026524
913	2.768009607	3.331709182
914	2.677051493	3.323697609
915	2.628685408	3.318938808
916	2.536076964	3.318613608
917	2.459877973	3.301510079
918	2.371603235	3.300265134
919	2.322997043	3.294511396
920	2.242420839	3.278515269
921	2.148927441	3.277461831
922	2.097711747	3.290201508
923	2.050407641	3.26775475
924	1.968716179	3.261669476
925	1.900630567	3.258135287
926	1.82316184	3.261942143
927	1.768681253	3.241345922
928	1.710051893	3.225479535
929	1.646468906	3.254381545
930	1.595539071	3.22800474
931	1.546124263	3.224424869
932	1.484958189	3.217493067
933	1.422354997	3.214561323
934	1.375583413	3.197514869
935	1.315410926	3.195664127
936	1.289374189	3.173535165
937	1.229989242	3.185602999
938	1.202878062	3.178134719
939	1.12862395	3.162727039
940	1.105531946	3.155964549
941	1.05721557	3.166010692
942	1.033533284	3.131421293
943	0.977148166	3.12970815
944	0.923885513	3.137354107
945	0.9041876	3.120860777
946	0.861496904	3.108793411
947	0.837215797	3.098254055
948	0.795567013	3.103546389
949	0.766582079	3.10311083
950	0.731642023	3.090684552
951	0.701010471	3.079356203
952	0.68238826	3.0827116
953	0.618584969	3.068685121
954	0.600221042	3.060097463
955	0.575316126	3.063826114
956	0.558692036	3.052516611
957	0.531086117	3.039059635
958	0.519490434	3.059603515
959	0.499228187	3.020099489
960	0.471200688	3.026245868
961	0.459521914	3.006627615
962	0.404954714	3.022480181
963	0.399157314	3.009922548
964	0.374170326	3.002609354
965	0.370505593	2.967516138
966	0.346347719	2.978226484
967	0.324650056	2.964969778
968	0.299103191	2.961003511
969	0.292735995	2.964707564
970	0.281226802	2.956496021
971	0.291425165	2.927486003
972	0.242313129	2.94183891
973	0.25425567	2.925521052
974	0.222232248	2.946470573
975	0.213307554	2.910215754
976	0.196918727	2.922563522
977	0.196290167	2.923092208
978	0.189270357	2.91798306
979	0.176530486	2.897997268
980	0.153626842	2.899503557
981	0.147084117	2.913150345
982	0.138539518	2.890885527
983	0.13623446	2.886615352
984	0.1248038	2.880668149
985	0.121554831	2.864346268
986	0.131310164	2.866623758
987	0.107822517	2.856024089
988	0.104290086	2.862307582
989	0.114351332	2.857609636
990	0.091393621	2.841613717
991	0.110429803	2.836057814
992	0.086662833	2.827123706
993	0.073506503	2.836685949
994	0.06824811	2.818470644
995	0.064677598	2.81850811
996	0.050826515	2.821626996
997	0.055993487	2.78455349
998	0.057732734	2.794141032
999	0.044353038	2.776858586
1000	0.029694701	2.774535809