Year	Total	Gas	Liquids	Solids	Production	Flaring	Jan	Feb	Mar	Apr	May	Jun	Jul	Aug	Sep	Oct	Nov	Dec	J-D	D-N	DJF	MAM	JJA	SON	Glob	NHem	SHem	24N-90N	24S-24N	90S-24S	64N-90N	44N-64N	24N-44N	EQU-24N	24S-EQU	44S-24S	64S-44S	90S-64S
1881	243	0	4	239	0	0	-0.09	-0.14	0.01	-0.03	-0.04	-0.28	-0.06	-0.02	-0.08	-0.19	-0.26	-0.15	-0.11	-0.12	-0.15	-0.02	-0.12	-0.18	-0.11	-0.2	-0.03	-0.3	-0.01	-0.06	-0.66	-0.46	-0.13	-0.04	0.02	-0.06	-0.02	0.33
1882	256	0	4	252	0	0	0.1	0.09	0.02	-0.2	-0.17	-0.25	-0.1	0.04	-0.01	-0.22	-0.21	-0.25	-0.1	-0.09	0.01	-0.12	-0.1	-0.14	-0.1	-0.18	-0.01	-0.23	-0.09	0.03	-1.36	-0.25	-0.01	-0.1	-0.09	0.03	0.08	0.37
1883	272	0	3	269	0	0	-0.33	-0.42	-0.17	-0.24	-0.25	-0.11	-0.08	-0.13	-0.18	-0.11	-0.2	-0.18	-0.2	-0.21	-0.33	-0.22	-0.11	-0.16	-0.2	-0.31	-0.09	-0.35	-0.21	-0.02	-0.32	-0.62	-0.18	-0.23	-0.2	-0.01	0	0.33
1884	275	0	4	271	0	0	-0.18	-0.11	-0.34	-0.36	-0.31	-0.38	-0.34	-0.26	-0.23	-0.22	-0.3	-0.29	-0.28	-0.27	-0.16	-0.34	-0.32	-0.25	-0.28	-0.43	-0.13	-0.57	-0.17	-0.12	-1.31	-0.62	-0.4	-0.2	-0.14	-0.15	-0.05	0.36
1885	277	1	4	273	0	0	-0.64	-0.29	-0.23	-0.44	-0.41	-0.5	-0.28	-0.27	-0.19	-0.19	-0.22	-0.05	-0.31	-0.33	-0.41	-0.36	-0.35	-0.2	-0.31	-0.42	-0.21	-0.61	-0.17	-0.2	-1.19	-0.72	-0.41	-0.1	-0.23	-0.27	-0.07	0.34
1886	281	2	5	275	0	0	-0.42	-0.45	-0.41	-0.29	-0.27	-0.39	-0.16	-0.31	-0.19	-0.25	-0.26	-0.25	-0.3	-0.29	-0.31	-0.32	-0.29	-0.23	-0.3	-0.39	-0.22	-0.49	-0.24	-0.2	-1.24	-0.47	-0.36	-0.23	-0.25	-0.18	-0.21	0.23
1887	295	3	5	287	0	0	-0.66	-0.48	-0.32	-0.37	-0.33	-0.2	-0.19	-0.27	-0.2	-0.32	-0.26	-0.38	-0.33	-0.32	-0.46	-0.34	-0.22	-0.26	-0.33	-0.38	-0.29	-0.47	-0.27	-0.27	-1.58	-0.58	-0.18	-0.23	-0.32	-0.24	-0.29	0.16
1888	327	5	5	317	0	0	-0.42	-0.43	-0.47	-0.29	-0.22	-0.2	-0.1	-0.11	-0.08	0.01	0	-0.13	-0.2	-0.22	-0.41	-0.33	-0.14	-0.02	-0.2	-0.24	-0.17	-0.43	0.07	-0.34	-1.46	-0.48	-0.21	0.06	0.07	-0.29	-0.37	0.12
1889	327	3	6	318	0	0	-0.2	0.14	0.04	0.04	-0.03	-0.12	-0.05	-0.18	-0.18	-0.22	-0.3	-0.31	-0.11	-0.1	-0.06	0.02	-0.11	-0.24	-0.11	-0.17	-0.06	-0.27	0.05	-0.17	-0.9	-0.19	-0.19	-0.01	0.1	-0.15	-0.16	0.15
1890	356	3	8	345	0	0	-0.48	-0.48	-0.41	-0.38	-0.48	-0.27	-0.29	-0.36	-0.36	-0.23	-0.37	-0.3	-0.37	-0.37	-0.42	-0.42	-0.31	-0.32	-0.37	-0.41	-0.33	-0.46	-0.38	-0.26	-1.36	-0.47	-0.27	-0.32	-0.43	-0.16	-0.39	0
1891	372	2	9	360	0	0	-0.46	-0.48	-0.15	-0.26	-0.17	-0.22	-0.22	-0.21	-0.14	-0.23	-0.37	-0.02	-0.24	-0.27	-0.41	-0.19	-0.22	-0.25	-0.24	-0.25	-0.24	-0.37	-0.15	-0.24	-1.32	-0.26	-0.25	-0.06	-0.25	-0.2	-0.27	0.04
1892	374	2	9	363	0	0	-0.26	-0.15	-0.36	-0.35	-0.25	-0.2	-0.27	-0.2	-0.25	-0.16	-0.5	-0.29	-0.27	-0.25	-0.14	-0.32	-0.22	-0.3	-0.27	-0.32	-0.22	-0.33	-0.3	-0.16	-1.36	-0.38	-0.1	-0.32	-0.29	-0.03	-0.33	0
1893	370	2	10	358	0	0	-0.68	-0.51	-0.24	-0.33	-0.35	-0.23	-0.14	-0.23	-0.18	-0.16	-0.17	-0.38	-0.3	-0.29	-0.49	-0.3	-0.2	-0.17	-0.3	-0.41	-0.19	-0.4	-0.4	-0.07	-0.91	-0.41	-0.28	-0.43	-0.37	0.04	-0.21	-0.03
1894	383	2	9	372	0	0	-0.55	-0.32	-0.22	-0.42	-0.3	-0.44	-0.32	-0.28	-0.22	-0.17	-0.25	-0.22	-0.31	-0.32	-0.41	-0.31	-0.34	-0.21	-0.31	-0.38	-0.23	-0.29	-0.39	-0.22	-1.36	-0.22	-0.07	-0.53	-0.24	-0.15	-0.31	-0.16
1895	406	2	11	393	0	0	-0.44	-0.43	-0.3	-0.23	-0.23	-0.25	-0.17	-0.16	-0.02	-0.1	-0.16	-0.12	-0.22	-0.23	-0.36	-0.25	-0.19	-0.1	-0.22	-0.29	-0.14	-0.36	-0.14	-0.19	-0.99	-0.42	-0.16	-0.19	-0.08	-0.2	-0.13	-0.06
1896	419	2	12	405	0	0	-0.23	-0.15	-0.3	-0.33	-0.2	-0.14	-0.06	-0.1	-0.05	0.04	-0.16	-0.12	-0.15	-0.15	-0.17	-0.28	-0.1	-0.06	-0.15	-0.22	-0.08	-0.35	0.02	-0.18	-1.3	-0.39	-0.09	-0.02	0.07	-0.15	-0.21	-0.01
1897	440	2	13	425	0	0	-0.23	-0.2	-0.13	-0.02	-0.01	-0.13	-0.05	-0.03	-0.05	-0.09	-0.18	-0.25	-0.11	-0.1	-0.19	-0.05	-0.07	-0.11	-0.11	-0.14	-0.09	-0.31	0.16	-0.28	-0.81	-0.35	-0.16	0.14	0.18	-0.2	-0.36	0
1898	465	2	13	449	0	0	-0.07	-0.33	-0.56	-0.34	-0.36	-0.22	-0.23	-0.24	-0.19	-0.32	-0.37	-0.22	-0.29	-0.29	-0.22	-0.42	-0.23	-0.29	-0.29	-0.28	-0.29	-0.28	-0.29	-0.29	-1.29	-0.05	-0.18	-0.28	-0.3	-0.26	-0.3	0.03
1899	507	3	14	491	0	0	-0.18	-0.4	-0.35	-0.21	-0.2	-0.26	-0.14	-0.05	-0.02	0	0.12	-0.27	-0.16	-0.16	-0.27	-0.25	-0.15	0.03	-0.16	-0.18	-0.15	-0.18	-0.14	-0.18	-1.06	0.02	-0.1	-0.16	-0.11	-0.13	-0.22	0.09
1900	534	3	16	515	0	0	-0.4	-0.08	0.01	-0.15	-0.06	-0.15	-0.08	-0.04	0.02	0.08	-0.13	-0.14	-0.09	-0.1	-0.25	-0.07	-0.09	-0.01	-0.09	-0.05	-0.13	-0.13	0.13	-0.35	-0.63	-0.06	-0.05	0.08	0.17	-0.31	-0.38	0.07
1901	552	4	18	531	0	0	-0.28	-0.06	0.04	-0.06	-0.17	-0.1	-0.09	-0.13	-0.17	-0.29	-0.17	-0.3	-0.15	-0.13	-0.16	-0.06	-0.1	-0.21	-0.15	-0.09	-0.2	-0.12	-0.05	-0.29	-0.58	-0.02	-0.07	-0.03	-0.08	-0.3	-0.26	-0.03
1902	566	4	19	543	0	0	-0.19	-0.04	-0.3	-0.29	-0.32	-0.34	-0.26	-0.28	-0.22	-0.27	-0.36	-0.46	-0.28	-0.26	-0.17	-0.3	-0.29	-0.28	-0.28	-0.32	-0.23	-0.5	-0.06	-0.34	-1.61	-0.42	-0.26	-0.03	-0.1	-0.27	-0.42	0.01
1903	617	4	20	593	0	0	-0.28	-0.06	-0.24	-0.4	-0.42	-0.45	-0.3	-0.44	-0.43	-0.42	-0.39	-0.47	-0.36	-0.36	-0.27	-0.35	-0.4	-0.41	-0.36	-0.36	-0.36	-0.42	-0.32	-0.34	-0.52	-0.32	-0.46	-0.26	-0.38	-0.37	-0.25	-0.59
1904	624	4	23	597	0	0	-0.64	-0.54	-0.46	-0.51	-0.51	-0.5	-0.48	-0.44	-0.47	-0.35	-0.17	-0.29	-0.45	-0.46	-0.55	-0.49	-0.47	-0.33	-0.45	-0.46	-0.43	-0.48	-0.46	-0.39	-0.37	-0.55	-0.47	-0.43	-0.49	-0.36	-0.38	-1.25
1905	663	5	23	636	0	0	-0.38	-0.59	-0.25	-0.37	-0.34	-0.32	-0.24	-0.21	-0.15	-0.24	-0.09	-0.21	-0.28	-0.29	-0.42	-0.32	-0.26	-0.16	-0.28	-0.29	-0.27	-0.39	-0.13	-0.38	-0.23	-0.17	-0.57	-0.15	-0.12	-0.38	-0.34	-0.37
1906	707	5	23	680	0	0	-0.31	-0.32	-0.15	-0.03	-0.21	-0.21	-0.25	-0.18	-0.25	-0.2	-0.39	-0.18	-0.23	-0.23	-0.28	-0.13	-0.22	-0.28	-0.23	-0.21	-0.24	-0.22	-0.21	-0.25	-0.38	0.02	-0.33	-0.2	-0.22	-0.23	-0.22	-0.65
1907	784	5	28	750	0	0	-0.44	-0.52	-0.24	-0.4	-0.46	-0.43	-0.36	-0.37	-0.33	-0.24	-0.52	-0.5	-0.4	-0.37	-0.38	-0.37	-0.39	-0.36	-0.4	-0.47	-0.33	-0.58	-0.34	-0.3	-0.8	-0.71	-0.45	-0.31	-0.37	-0.25	-0.3	-1.18
1908	750	5	30	714	0	0	-0.46	-0.36	-0.58	-0.46	-0.41	-0.39	-0.35	-0.45	-0.33	-0.43	-0.51	-0.49	-0.44	-0.44	-0.44	-0.48	-0.4	-0.42	-0.44	-0.47	-0.41	-0.48	-0.47	-0.34	-0.51	-0.52	-0.46	-0.45	-0.5	-0.31	-0.38	0.66
1909	785	6	32	747	0	0	-0.7	-0.47	-0.52	-0.59	-0.54	-0.52	-0.43	-0.3	-0.37	-0.39	-0.32	-0.54	-0.47	-0.47	-0.55	-0.55	-0.41	-0.36	-0.47	-0.48	-0.47	-0.49	-0.51	-0.41	-0.84	-0.51	-0.39	-0.47	-0.55	-0.38	-0.41	-0.49
1910	819	7	34	778	0	0	-0.43	-0.43	-0.48	-0.38	-0.34	-0.37	-0.32	-0.34	-0.37	-0.39	-0.57	-0.69	-0.43	-0.41	-0.47	-0.4	-0.34	-0.44	-0.43	-0.44	-0.42	-0.38	-0.53	-0.33	-0.77	-0.15	-0.43	-0.52	-0.55	-0.32	-0.32	0.27
1911	836	7	36	792	0	0	-0.63	-0.6	-0.62	-0.55	-0.52	-0.47	-0.41	-0.44	-0.39	-0.26	-0.2	-0.24	-0.44	-0.48	-0.64	-0.56	-0.44	-0.28	-0.44	-0.41	-0.48	-0.4	-0.45	-0.48	-0.44	-0.37	-0.42	-0.43	-0.48	-0.43	-0.53	0.14
1912	879	8	37	834	0	0	-0.28	-0.15	-0.38	-0.21	-0.2	-0.25	-0.41	-0.52	-0.48	-0.56	-0.38	-0.42	-0.35	-0.34	-0.23	-0.26	-0.39	-0.47	-0.35	-0.48	-0.23	-0.6	-0.2	-0.31	-0.75	-0.72	-0.48	-0.29	-0.11	-0.37	-0.13	-1.54
1913	943	8	41	895	0	0	-0.41	-0.44	-0.43	-0.36	-0.45	-0.46	-0.36	-0.34	-0.34	-0.35	-0.18	-0.03	-0.35	-0.38	-0.42	-0.42	-0.39	-0.29	-0.35	-0.43	-0.25	-0.42	-0.31	-0.31	-0.64	-0.29	-0.45	-0.45	-0.17	-0.28	-0.31	-0.92
1914	850	8	42	800	0	0	0.01	-0.14	-0.23	-0.27	-0.2	-0.23	-0.24	-0.14	-0.13	-0.05	-0.21	-0.09	-0.16	-0.16	-0.05	-0.24	-0.21	-0.13	-0.16	-0.19	-0.13	-0.24	-0.07	-0.2	-0.64	-0.08	-0.24	-0.11	-0.03	-0.17	-0.23	-0.33
1915	838	9	45	784	0	0	-0.18	-0.01	-0.11	0.08	-0.03	-0.14	-0.03	-0.16	-0.13	-0.22	-0.14	-0.25	-0.11	-0.1	-0.1	-0.02	-0.11	-0.16	-0.11	-0.1	-0.12	-0.19	0.01	-0.19	-0.65	-0.08	-0.13	0.04	-0.02	-0.1	-0.23	-1.99
1916	901	10	48	842	0	0	-0.19	-0.21	-0.32	-0.25	-0.26	-0.42	-0.33	-0.26	-0.28	-0.27	-0.42	-0.79	-0.33	-0.29	-0.22	-0.28	-0.34	-0.33	-0.33	-0.36	-0.32	-0.31	-0.43	-0.23	-0.43	-0.45	-0.2	-0.43	-0.43	-0.22	-0.17	-1.21
1917	955	11	54	891	0	0	-0.47	-0.56	-0.49	-0.39	-0.48	-0.4	-0.23	-0.26	-0.18	-0.35	-0.27	-0.72	-0.4	-0.41	-0.6	-0.45	-0.29	-0.27	-0.4	-0.53	-0.28	-0.44	-0.6	-0.1	-0.81	-0.4	-0.37	-0.67	-0.52	-0.17	0.05	0.2
1918	936	10	53	873	0	0	-0.44	-0.31	-0.19	-0.4	-0.37	-0.28	-0.2	-0.26	-0.14	-0.04	-0.16	-0.29	-0.26	-0.29	-0.49	-0.32	-0.25	-0.11	-0.26	-0.33	-0.18	-0.36	-0.26	-0.15	-1.29	-0.15	-0.24	-0.28	-0.23	-0.08	-0.23	-0.13
1919	806	10	61	735	0	0	-0.19	-0.22	-0.27	-0.19	-0.2	-0.28	-0.21	-0.19	-0.17	-0.15	-0.3	-0.35	-0.23	-0.22	-0.23	-0.22	-0.23	-0.21	-0.23	-0.34	-0.11	-0.44	-0.13	-0.15	-1.03	-0.46	-0.26	-0.2	-0.06	-0.08	-0.22	0.27
1920	932	11	78	843	0	0	-0.15	-0.23	-0.06	-0.26	-0.25	-0.33	-0.32	-0.29	-0.19	-0.28	-0.33	-0.46	-0.26	-0.25	-0.24	-0.19	-0.31	-0.27	-0.26	-0.27	-0.25	-0.21	-0.26	-0.32	-0.07	-0.09	-0.31	-0.37	-0.16	-0.21	-0.44	-0.86
1921	803	10	84	709	0	0	-0.04	-0.21	-0.28	-0.36	-0.36	-0.31	-0.15	-0.24	-0.17	-0.06	-0.16	-0.18	-0.21	-0.23	-0.24	-0.33	-0.23	-0.13	-0.21	-0.09	-0.32	0.02	-0.27	-0.37	-0.19	0.23	-0.05	-0.27	-0.26	-0.26	-0.49	-0.69
1922	845	11	94	740	0	0	-0.32	-0.42	-0.13	-0.21	-0.34	-0.33	-0.26	-0.3	-0.28	-0.32	-0.16	-0.17	-0.27	-0.27	-0.31	-0.23	-0.29	-0.25	-0.27	-0.26	-0.28	-0.22	-0.31	-0.26	-0.46	-0.33	-0.09	-0.32	-0.31	-0.24	-0.27	-0.22
1923	970	14	111	845	0	0	-0.26	-0.36	-0.31	-0.37	-0.33	-0.23	-0.28	-0.29	-0.27	-0.12	0.03	-0.05	-0.24	-0.25	-0.26	-0.34	-0.27	-0.12	-0.24	-0.18	-0.29	-0.11	-0.29	-0.29	0.06	-0.04	-0.21	-0.29	-0.28	-0.27	-0.28	-0.51
1924	963	16	110	836	0	0	-0.23	-0.26	-0.12	-0.35	-0.19	-0.27	-0.26	-0.34	-0.31	-0.35	-0.23	-0.41	-0.28	-0.25	-0.18	-0.22	-0.29	-0.3	-0.28	-0.16	-0.39	-0.11	-0.24	-0.49	0.16	-0.16	-0.16	-0.23	-0.26	-0.39	-0.6	-0.66
1925	975	17	116	842	0	0	-0.32	-0.33	-0.22	-0.24	-0.3	-0.33	-0.29	-0.18	-0.13	-0.17	0.04	0.09	-0.2	-0.24	-0.35	-0.25	-0.27	-0.09	-0.2	-0.09	-0.3	-0.02	-0.21	-0.37	-0.27	0.26	-0.12	-0.19	-0.22	-0.24	-0.55	-0.76
1926	983	19	119	846	0	0	0.2	0.07	0.12	-0.14	-0.24	-0.25	-0.2	-0.1	-0.1	-0.11	-0.07	-0.3	-0.09	-0.06	0.12	-0.09	-0.18	-0.09	-0.09	0.03	-0.2	0.03	0.04	-0.39	0.32	0.24	-0.19	0.04	0.04	-0.33	-0.46	-0.56
1927	1062	21	136	905	0	0	-0.28	-0.19	-0.38	-0.31	-0.24	-0.27	-0.13	-0.18	-0.05	-0.01	-0.04	-0.36	-0.2	-0.2	-0.26	-0.31	-0.19	-0.03	-0.2	-0.11	-0.29	-0.13	-0.13	-0.38	-0.22	-0.14	-0.1	-0.08	-0.17	-0.32	-0.41	-1.47
1928	1065	23	143	890	10	0	-0.02	-0.11	-0.28	-0.29	-0.3	-0.41	-0.21	-0.25	-0.19	-0.19	-0.1	-0.2	-0.21	-0.22	-0.16	-0.29	-0.29	-0.16	-0.21	-0.08	-0.33	-0.06	-0.13	-0.47	0.43	-0.08	-0.19	-0.11	-0.15	-0.32	-0.62	-2.22
1929	1145	28	160	947	10	0	-0.47	-0.58	-0.34	-0.42	-0.39	-0.43	-0.32	-0.29	-0.23	-0.15	-0.14	-0.52	-0.36	-0.33	-0.42	-0.38	-0.35	-0.17	-0.36	-0.31	-0.4	-0.36	-0.26	-0.49	-0.12	-0.51	-0.34	-0.24	-0.28	-0.4	-0.57	-1.14
1930	1053	28	152	862	10	0	-0.28	-0.23	-0.09	-0.25	-0.24	-0.18	-0.15	-0.09	-0.1	-0.08	0.14	-0.07	-0.13	-0.17	-0.35	-0.19	-0.14	-0.01	-0.13	0.02	-0.28	0.08	-0.1	-0.39	0.37	0.15	-0.06	-0.07	-0.13	-0.31	-0.42	-2.54
1931	940	25	147	759	8	0	-0.1	-0.2	-0.06	-0.2	-0.22	-0.05	0.01	-0.01	-0.06	0	-0.11	-0.1	-0.09	-0.09	-0.12	-0.16	-0.02	-0.06	-0.09	0.05	-0.22	0.03	0.04	-0.39	0.37	0.08	-0.11	0.08	0	-0.41	-0.31	-0.43
1932	847	24	141	675	7	0	0.14	-0.17	-0.19	-0.08	-0.22	-0.29	-0.23	-0.24	-0.12	-0.09	-0.27	-0.22	-0.17	-0.15	-0.04	-0.16	-0.25	-0.16	-0.17	-0.03	-0.29	0.04	-0.16	-0.38	0.15	0.3	-0.15	-0.14	-0.17	-0.24	-0.56	-0.98
1933	893	25	154	708	7	0	-0.31	-0.3	-0.28	-0.23	-0.25	-0.32	-0.19	-0.23	-0.26	-0.23	-0.32	-0.46	-0.28	-0.26	-0.28	-0.25	-0.25	-0.27	-0.28	-0.25	-0.32	-0.23	-0.28	-0.33	-0.4	-0.39	-0.09	-0.28	-0.29	-0.22	-0.46	-1.11
1934	973	28	162	775	8	0	-0.26	-0.03	-0.29	-0.27	-0.1	-0.13	-0.1	-0.09	-0.15	-0.1	-0.01	-0.08	-0.13	-0.17	-0.25	-0.22	-0.11	-0.09	-0.13	0	-0.27	0.18	-0.26	-0.28	0.6	0.39	-0.08	-0.26	-0.26	-0.22	-0.34	-0.48
1935	1027	30	176	811	9	0	-0.37	0.12	-0.13	-0.35	-0.26	-0.22	-0.19	-0.17	-0.17	-0.07	-0.28	-0.21	-0.19	-0.18	-0.11	-0.25	-0.19	-0.18	-0.19	-0.09	-0.29	-0.03	-0.21	-0.33	0.08	0.06	-0.12	-0.18	-0.23	-0.28	-0.34	-1.56
1936	1130	34	192	893	11	0	-0.29	-0.39	-0.25	-0.2	-0.16	-0.18	-0.06	-0.11	-0.05	-0.02	-0.04	-0.02	-0.15	-0.16	-0.29	-0.2	-0.12	-0.04	-0.15	-0.03	-0.26	-0.03	-0.13	-0.28	0.12	0.17	-0.21	-0.04	-0.23	-0.27	-0.28	0.09
1937	1209	38	219	941	11	0	-0.08	0.07	-0.16	-0.16	-0.06	-0.07	-0.04	0.04	0.14	0.1	0.1	-0.1	-0.02	-0.01	-0.01	-0.13	-0.02	0.12	-0.02	0.13	-0.17	0.19	-0.05	-0.19	1.02	0.07	0.02	0.04	-0.14	-0.21	-0.14	0.57
1938	1142	37	214	880	12	0	0.02	-0.02	0.07	0.05	-0.07	-0.16	-0.08	-0.04	0.04	0.13	0.03	-0.23	-0.02	-0.01	-0.03	0.02	-0.09	0.06	-0.02	0.14	-0.2	0.36	-0.25	-0.1	1.16	0.44	0.06	-0.18	-0.31	-0.08	-0.08	-0.89
1939	1192	38	222	918	13	0	-0.12	-0.11	-0.19	-0.12	-0.06	-0.08	-0.05	-0.04	0.01	-0.02	0.06	0.41	-0.03	-0.08	-0.15	-0.13	-0.06	0.02	-0.03	0.08	-0.13	0.23	-0.16	-0.1	0.46	0.33	0.1	-0.15	-0.18	-0.05	-0.1	-1.72
1940	1299	42	229	1017	11	0	-0.13	0.06	0.12	0.16	0.07	0.06	0.11	0.01	0.13	0.08	0.13	0.2	0.08	0.1	0.11	0.11	0.06	0.11	0.08	0.14	0.04	0.09	0.2	-0.08	0.83	0.03	-0.1	0.21	0.18	0.01	-0.21	-0.01
1941	1334	42	236	1043	12	0	0.13	0.22	0.06	0.1	0.1	0.04	0.16	0.14	0.03	0.25	0.13	0.15	0.13	0.13	0.18	0.09	0.11	0.13	0.13	0.16	0.11	-0.04	0.39	-0.07	-0.26	-0.11	0.07	0.46	0.33	0.03	-0.18	-0.43
1942	1342	45	222	1063	11	0	0.28	0.06	0.11	0.13	0.15	0.11	0.02	-0.03	0	0.07	0.13	0.13	0.1	0.1	0.16	0.13	0.03	0.07	0.1	0.15	0.05	0.13	0.14	0.01	0.31	0	0.15	0.17	0.12	0.08	-0.05	-0.86
1943	1391	50	239	1092	10	0	0	0.22	0.02	0.14	0.11	0	0.15	0.03	0.12	0.31	0.26	0.28	0.14	0.12	0.12	0.09	0.06	0.23	0.14	0.21	0.05	0.37	0	0.08	1.14	0.33	0.16	-0.02	0.02	0.14	0.01	1.19
1944	1383	54	275	1047	7	0	0.42	0.32	0.35	0.27	0.27	0.23	0.23	0.23	0.31	0.28	0.13	0.08	0.26	0.28	0.34	0.29	0.23	0.24	0.26	0.28	0.24	0.39	0.22	0.18	0.97	0.5	0.14	0.12	0.32	0.33	-0.01	-0.17
1945	1160	59	275	820	7	0	0.15	0.05	0.11	0.24	0.11	0.03	0.07	0.26	0.22	0.23	0.1	-0.09	0.12	0.14	0.09	0.15	0.12	0.18	0.12	0.09	0.16	0.09	0.22	0.02	0.41	-0.02	0.06	0.1	0.34	0.14	-0.04	-1.82
1946	1238	61	292	875	10	0	0.15	0.06	0	0.11	-0.03	-0.17	-0.08	-0.08	-0.02	-0.05	-0.02	-0.28	-0.03	-0.02	0.04	0.03	-0.11	-0.03	-0.03	0.07	-0.13	0.08	-0.01	-0.18	-0.19	0.02	0.2	0.06	-0.07	-0.18	-0.16	0.11
1947	1392	67	322	992	12	0	-0.09	-0.06	0.05	0.04	-0.06	0	-0.06	-0.08	-0.14	0.07	-0.01	-0.16	-0.04	-0.05	-0.14	0.01	-0.05	-0.03	-0.04	0.05	-0.13	0.14	-0.1	-0.15	0.96	-0.15	0.06	-0.09	-0.11	-0.16	-0.11	0.08
1948	1469	76	364	1015	14	0	0.05	-0.12	-0.23	-0.09	0.07	-0.06	-0.13	-0.1	-0.11	-0.06	-0.09	-0.21	-0.09	-0.09	-0.08	-0.08	-0.1	-0.09	-0.09	0	-0.18	0.14	-0.18	-0.21	0.05	0.36	0.03	-0.21	-0.14	-0.19	-0.16	-0.9
1949	1419	81	362	960	16	0	0.1	-0.15	-0.01	-0.07	-0.08	-0.23	-0.14	-0.08	-0.09	-0.03	-0.08	-0.16	-0.09	-0.09	-0.09	-0.05	-0.15	-0.06	-0.09	-0.01	-0.16	0.12	-0.17	-0.18	0.19	0.17	0.07	-0.21	-0.13	-0.15	-0.13	-1.27
1950	1630	97	423	1070	18	23	-0.28	-0.26	-0.07	-0.2	-0.11	-0.06	-0.09	-0.17	-0.1	-0.19	-0.35	-0.19	-0.17	-0.17	-0.23	-0.13	-0.11	-0.21	-0.17	-0.16	-0.19	-0.08	-0.27	-0.13	0.03	-0.34	0.04	-0.27	-0.26	-0.05	-0.21	-0.69
1951	1767	115	479	1129	20	24	-0.34	-0.43	-0.19	-0.1	-0.02	-0.05	0.01	0.06	0.07	0.07	-0.01	0.16	-0.06	-0.09	-0.32	-0.1	0	0.05	-0.06	0.05	-0.18	0.07	-0.05	-0.22	0	0.03	0.12	0.02	-0.13	-0.2	-0.21	-0.17
1952	1795	124	504	1119	22	26	0.16	0.13	-0.09	0.01	-0.06	-0.04	0.05	0.07	0.08	-0.03	-0.16	-0.02	0.01	0.02	0.15	-0.05	0.03	-0.04	0.01	0.06	-0.04	0.09	0.02	-0.09	0.1	-0.07	0.18	0.01	0.03	-0.1	0	-0.39
1953	1841	131	533	1125	24	27	0.09	0.16	0.11	0.19	0.09	0.07	0.02	0.08	0.06	0.05	-0.05	0.04	0.08	0.07	0.07	0.13	0.06	0.02	0.08	0.23	-0.07	0.33	0.06	-0.16	0.82	0.37	0.15	0.07	0.05	-0.1	-0.13	-1.26
1954	1865	138	557	1116	27	27	-0.27	-0.1	-0.12	-0.17	-0.19	-0.15	-0.17	-0.13	-0.07	0	0.09	-0.16	-0.12	-0.1	-0.11	-0.16	-0.15	0.01	-0.12	-0.04	-0.21	0.03	-0.21	-0.15	0.58	-0.2	-0.01	-0.14	-0.28	-0.16	-0.04	-0.75
1955	2042	150	625	1208	30	31	0.12	-0.21	-0.35	-0.22	-0.2	-0.07	-0.08	0.06	-0.14	-0.05	-0.28	-0.32	-0.14	-0.13	-0.09	-0.26	-0.03	-0.15	-0.14	-0.1	-0.21	0.02	-0.32	-0.08	-0.45	-0.07	0.23	-0.27	-0.37	-0.16	-0.18	1.36
1956	2177	161	679	1273	32	32	-0.15	-0.24	-0.22	-0.28	-0.28	-0.14	-0.12	-0.26	-0.19	-0.24	-0.15	-0.09	-0.2	-0.22	-0.24	-0.26	-0.17	-0.2	-0.2	-0.25	-0.15	-0.24	-0.32	0	-0.22	-0.47	-0.1	-0.27	-0.37	-0.11	0	0.62
1957	2270	178	714	1309	34	35	-0.13	-0.06	-0.07	-0.02	0.08	0.16	0.01	0.14	0.07	0	0.07	0.16	0.03	0.01	-0.09	0	0.1	0.05	0.03	0.04	0.03	0.02	0.07	0	0.02	0.21	-0.11	0.07	0.08	-0.08	-0.09	0.44
1958	2330	192	731	1336	36	35	0.38	0.23	0.09	0.02	0.08	-0.05	0.04	-0.06	-0.04	0.03	0.02	0.01	0.06	0.07	0.25	0.06	-0.02	0	0.06	0.16	-0.03	0.09	0.2	-0.16	-0.16	0.18	0.13	0.26	0.15	-0.09	-0.07	-0.63
1959	2454	206	789	1382	40	36	0.06	0.09	0.2	0.16	0.06	0.02	0.07	-0.01	-0.05	-0.09	-0.09	-0.02	0.03	0.04	0.05	0.14	0.03	-0.07	0.03	0.11	-0.04	0.15	0.07	-0.13	0.5	0.18	0.02	0.05	0.08	-0.04	-0.15	-0.36
1960	2569	227	849	1410	43	39	-0.02	0.13	-0.36	-0.16	-0.08	0.01	-0.02	0	0.04	0.08	-0.12	0.18	-0.03	-0.04	0.03	-0.2	0	0	-0.03	0.08	-0.13	0.09	0.01	-0.2	0.36	-0.06	0.1	0.06	-0.03	-0.1	-0.04	-0.85
1961	2580	240	904	1349	45	42	0.07	0.19	0.1	0.15	0.14	0.11	-0.03	0	0.05	-0.01	0.03	-0.15	0.05	0.08	0.15	0.13	0.03	0.02	0.05	0.08	0.03	0.18	-0.03	0.04	-0.18	0.37	0.17	-0.07	0.01	0.11	-0.11	0.13
1962	2686	263	980	1351	49	44	0.07	0.14	0.11	0.05	-0.06	0.04	-0.02	-0.03	-0.02	-0.03	0.06	-0.02	0.02	0.01	0.02	0.03	0	0	0.02	0.14	-0.09	0.27	-0.04	-0.13	0.58	0.34	0.14	-0.04	-0.04	0.06	-0.09	-0.89
1963	2833	286	1052	1396	51	47	-0.03	0.18	-0.15	-0.05	-0.1	0.02	0.08	0.24	0.2	0.15	0.15	-0.01	0.06	0.06	0.05	-0.1	0.11	0.16	0.06	0.15	-0.03	0.16	0.11	-0.11	-0.05	0.32	0.13	0.13	0.09	-0.11	-0.2	0.07
1964	2995	316	1137	1435	57	51	-0.07	-0.11	-0.24	-0.3	-0.25	-0.07	-0.07	-0.22	-0.28	-0.3	-0.21	-0.3	-0.2	-0.18	-0.06	-0.26	-0.12	-0.26	-0.2	-0.2	-0.2	-0.24	-0.14	-0.25	-0.68	-0.22	-0.11	-0.14	-0.13	-0.3	-0.09	-0.42
1965	3130	337	1219	1460	59	55	-0.08	-0.18	-0.12	-0.19	-0.15	-0.1	-0.11	-0.01	-0.14	-0.04	-0.06	-0.06	-0.1	-0.12	-0.19	-0.16	-0.07	-0.08	-0.1	-0.13	-0.07	-0.17	-0.03	-0.13	-0.2	-0.24	-0.11	-0.08	0.01	-0.21	0	-0.09
1966	3288	364	1323	1478	63	60	-0.17	-0.01	0.05	-0.13	-0.11	0.02	0.09	-0.11	-0.02	-0.15	-0.02	-0.05	-0.05	-0.05	-0.08	-0.06	0	-0.06	-0.05	0	-0.09	-0.12	0.08	-0.16	-0.67	-0.16	0.08	0.17	0	-0.24	-0.17	0.15
1967	3393	392	1423	1448	65	66	-0.07	-0.19	0.04	-0.06	0.13	-0.08	-0.01	0.02	-0.05	0.07	-0.06	-0.02	-0.02	-0.02	-0.1	0.04	-0.02	-0.01	-0.02	0.03	-0.08	0.13	-0.14	-0.02	0.44	0.27	-0.06	-0.11	-0.16	-0.07	-0.07	0.26
1968	3566	424	1551	1448	70	73	-0.23	-0.14	0.21	-0.05	-0.1	-0.06	-0.1	-0.11	-0.19	0.11	-0.04	-0.14	-0.07	-0.06	-0.13	0.02	-0.09	-0.04	-0.07	-0.05	-0.08	-0.08	-0.06	-0.07	-0.16	-0.02	-0.08	-0.01	-0.1	-0.12	0.02	-0.13
1969	3780	467	1673	1486	74	80	-0.11	-0.14	0.01	0.19	0.2	0.05	-0.01	0.03	0.1	0.1	0.12	0.28	0.07	0.03	-0.13	0.13	0.02	0.11	0.07	-0.01	0.15	-0.26	0.32	0.05	0.05	-0.59	-0.15	0.35	0.29	0.02	0.14	0.02
1970	4053	493	1839	1556	78	87	0.1	0.23	0.08	0.1	-0.05	-0.02	-0.04	-0.11	0.11	0.04	0.02	-0.13	0.03	0.06	0.2	0.04	-0.06	0.06	0.03	-0.03	0.09	-0.1	0.06	0.11	-0.16	-0.13	-0.06	0.06	0.06	0.09	0	0.4
1971	4208	530	1947	1559	84	88	-0.03	-0.21	-0.19	-0.11	-0.06	-0.18	-0.12	-0.03	0	-0.06	-0.04	-0.08	-0.09	-0.1	-0.12	-0.12	-0.11	-0.03	-0.09	-0.15	-0.03	-0.06	-0.26	0.1	-0.05	0	-0.1	-0.3	-0.22	0.04	0.11	0.31
1972	4376	560	2057	1576	89	95	-0.25	-0.17	0.03	-0.01	-0.01	0.04	0.02	0.18	0.04	0.08	0.02	0.19	0.01	-0.01	-0.16	0	0.08	0.05	0.01	-0.18	0.21	-0.35	0.16	0.18	-0.45	-0.49	-0.22	0.06	0.26	0.14	0.02	0.62
1973	4614	588	2241	1581	95	110	0.28	0.31	0.26	0.26	0.26	0.16	0.09	0.02	0.06	0.12	0.06	-0.06	0.15	0.17	0.26	0.26	0.09	0.08	0.15	0.1	0.2	0.13	0.17	0.16	0.2	0.26	0.02	0.06	0.27	0.2	-0.01	0.37
1974	4623	597	2245	1579	96	107	-0.14	-0.28	-0.05	-0.1	0	-0.05	-0.03	0.11	-0.13	-0.07	-0.07	-0.1	-0.08	-0.07	-0.16	-0.05	0.01	-0.09	-0.08	-0.19	0.04	-0.17	-0.2	0.18	-0.28	-0.1	-0.18	-0.23	-0.16	0.21	-0.06	0.6
1975	4596	604	2132	1673	95	92	0.08	0.07	0.14	0.06	0.16	-0.01	-0.03	-0.21	-0.03	-0.09	-0.16	-0.17	-0.01	-0.01	0.02	0.12	-0.08	-0.09	-0.01	-0.05	0.01	0.12	-0.22	0.12	0.22	0.36	-0.05	-0.3	-0.14	0.13	0.04	0.27
1976	4864	630	2314	1710	103	108	-0.01	-0.07	-0.21	-0.09	-0.22	-0.15	-0.11	-0.17	-0.1	-0.26	-0.06	0.08	-0.11	-0.13	-0.08	-0.17	-0.14	-0.14	-0.11	-0.21	-0.02	-0.25	-0.11	0.02	-0.04	-0.33	-0.28	-0.14	-0.08	0.09	0.1	-0.37
1977	5016	650	2398	1756	108	104	0.17	0.2	0.25	0.27	0.31	0.25	0.23	0.19	0.02	0.05	0.2	0.05	0.18	0.19	0.15	0.27	0.22	0.09	0.18	0.12	0.24	0.14	0.16	0.26	0.23	0.22	0.07	0.09	0.22	0.22	0.37	0.14
1978	5074	680	2392	1780	116	106	0.07	0.12	0.21	0.14	0.06	-0.03	0.06	-0.18	0.05	0.01	0.17	0.1	0.07	0.06	0.08	0.14	-0.05	0.08	0.07	0.02	0.11	-0.03	0.08	0.14	-0.07	0.01	-0.03	0.1	0.07	0.2	0.16	-0.13
1979	5357	721	2544	1875	119	98	0.14	-0.08	0.18	0.12	0.05	0.13	0.02	0.14	0.26	0.25	0.29	0.47	0.16	0.13	0.06	0.12	0.1	0.27	0.16	0.08	0.25	-0.03	0.25	0.24	-0.58	0.06	0.09	0.23	0.26	0.32	0.38	-0.29
1980	5301	737	2422	1935	120	86	0.3	0.42	0.29	0.32	0.34	0.16	0.29	0.26	0.21	0.19	0.29	0.2	0.27	0.29	0.4	0.32	0.24	0.23	0.27	0.16	0.38	0.06	0.29	0.45	0.31	0.01	0.02	0.31	0.28	0.35	0.37	0.98
1981	5138	755	2289	1908	121	65	0.55	0.41	0.49	0.31	0.23	0.31	0.34	0.34	0.17	0.14	0.22	0.39	0.32	0.31	0.39	0.34	0.33	0.18	0.32	0.38	0.26	0.5	0.18	0.34	1.28	0.77	0.09	0.21	0.15	0.29	0.37	0.5
1982	5094	738	2196	1976	121	64	0.08	0.15	-0.02	0.09	0.15	0.05	0.12	0.08	0.16	0.13	0.13	0.42	0.13	0.13	0.21	0.07	0.08	0.14	0.13	0.06	0.2	-0.07	0.26	0.14	-0.3	0.07	-0.08	0.24	0.29	0.18	0.3	-0.29
1983	5075	739	2176	1977	125	58	0.52	0.4	0.42	0.3	0.36	0.18	0.16	0.31	0.38	0.16	0.31	0.17	0.31	0.33	0.45	0.36	0.21	0.28	0.31	0.26	0.36	0.24	0.43	0.21	0.3	0.67	-0.05	0.29	0.57	0.2	0.29	0.05
1984	5258	807	2199	2074	128	51	0.31	0.18	0.29	0.1	0.34	0.05	0.15	0.15	0.19	0.15	0.04	-0.06	0.16	0.18	0.22	0.24	0.12	0.13	0.16	0.04	0.27	0.03	0.18	0.26	0.38	0.07	-0.12	0.07	0.3	0.17	0.24	0.6
1985	5417	835	2186	2216	131	49	0.21	-0.06	0.17	0.11	0.18	0.16	-0.01	0.14	0.15	0.11	0.1	0.16	0.12	0.1	0.03	0.15	0.1	0.12	0.12	-0.01	0.24	-0.03	0.1	0.29	0.37	-0.27	-0.01	0.03	0.17	0.29	0.39	0.07
1986	5583	830	2293	2277	137	46	0.3	0.38	0.29	0.26	0.26	0.12	0.13	0.12	0.02	0.14	0.11	0.15	0.19	0.19	0.28	0.27	0.12	0.09	0.19	0.13	0.25	0.1	0.23	0.22	0.05	0.24	0.04	0.17	0.29	0.26	0.26	-0.02
1987	5725	892	2306	2339	143	44	0.36	0.46	0.17	0.25	0.26	0.36	0.46	0.28	0.39	0.32	0.25	0.47	0.33	0.31	0.32	0.22	0.37	0.32	0.33	0.27	0.41	0.07	0.59	0.26	-0.28	0.13	0.14	0.56	0.62	0.33	0.21	0.16
1988	5936	935	2412	2387	152	50	0.57	0.42	0.49	0.44	0.45	0.42	0.35	0.45	0.41	0.38	0.12	0.34	0.4	0.41	0.49	0.46	0.41	0.3	0.4	0.37	0.44	0.4	0.38	0.44	0.76	0.5	0.23	0.31	0.44	0.39	0.18	1.14
1989	6066	982	2459	2428	156	41	0.16	0.35	0.36	0.34	0.17	0.14	0.33	0.35	0.37	0.33	0.2	0.37	0.29	0.29	0.28	0.29	0.28	0.3	0.29	0.29	0.29	0.42	0.15	0.34	0.41	0.67	0.27	0.09	0.22	0.37	0.25	0.39
1990	6096	1024	2490	2384	157	40	0.4	0.41	0.76	0.54	0.46	0.37	0.43	0.3	0.29	0.42	0.45	0.41	0.44	0.43	0.39	0.59	0.37	0.39	0.44	0.51	0.37	0.61	0.37	0.36	0.59	0.83	0.48	0.36	0.39	0.38	0.33	0.34
1991	6171	1050	2603	2312	161	45	0.42	0.5	0.35	0.52	0.39	0.54	0.51	0.42	0.49	0.31	0.31	0.33	0.42	0.43	0.45	0.42	0.49	0.37	0.42	0.41	0.44	0.46	0.39	0.44	0.75	0.59	0.28	0.34	0.44	0.34	0.34	1.03
1992	6110	1084	2500	2323	167	36	0.45	0.42	0.46	0.23	0.32	0.23	0.13	0.1	0	0.09	0.04	0.22	0.23	0.23	0.4	0.34	0.15	0.04	0.23	0.12	0.33	0.07	0.3	0.28	-0.19	0.37	-0.03	0.19	0.4	0.21	0.33	0.42
1993	6104	1117	2513	2262	176	37	0.38	0.39	0.36	0.27	0.27	0.24	0.28	0.14	0.11	0.23	0.07	0.19	0.24	0.24	0.33	0.3	0.22	0.14	0.24	0.2	0.29	0.13	0.33	0.23	0.64	0.23	-0.08	0.29	0.38	0.26	0.35	-0.11
1994	6208	1133	2535	2315	186	39	0.31	0.04	0.26	0.41	0.29	0.41	0.31	0.23	0.32	0.42	0.45	0.36	0.32	0.3	0.18	0.32	0.32	0.4	0.32	0.36	0.27	0.43	0.31	0.21	0.37	0.46	0.43	0.26	0.37	0.27	0.25	-0.12
1995	6344	1152	2559	2398	197	39	0.51	0.78	0.45	0.46	0.28	0.44	0.48	0.49	0.34	0.49	0.44	0.3	0.46	0.46	0.55	0.4	0.47	0.42	0.46	0.58	0.34	0.7	0.44	0.24	1.4	0.94	0.33	0.39	0.48	0.32	0.16	0.09
1996	6491	1200	2626	2422	203	40	0.27	0.49	0.34	0.37	0.29	0.26	0.36	0.49	0.26	0.2	0.41	0.4	0.34	0.34	0.35	0.33	0.37	0.29	0.34	0.27	0.41	0.25	0.33	0.45	0.79	0.19	0.13	0.3	0.36	0.35	0.31	1.11
1997	6589	1195	2699	2445	209	40	0.32	0.37	0.51	0.37	0.38	0.54	0.36	0.42	0.55	0.65	0.65	0.59	0.48	0.46	0.37	0.42	0.44	0.62	0.48	0.53	0.43	0.55	0.52	0.35	0.78	0.87	0.27	0.51	0.53	0.44	0.38	0.01
1998	6571	1225	2758	2343	209	36	0.61	0.89	0.62	0.63	0.71	0.78	0.7	0.68	0.46	0.46	0.49	0.57	0.63	0.63	0.7	0.65	0.72	0.47	0.63	0.73	0.54	0.8	0.71	0.36	0.91	0.92	0.69	0.62	0.8	0.44	0.32	0.21
1999	6559	1258	2740	2309	217	35	0.48	0.67	0.33	0.34	0.33	0.37	0.41	0.35	0.44	0.44	0.41	0.47	0.42	0.43	0.58	0.33	0.38	0.43	0.42	0.51	0.32	0.74	0.25	0.33	0.47	0.83	0.77	0.18	0.32	0.5	0.16	0.08
2000	6727	1285	2843	2327	226	46	0.27	0.59	0.59	0.59	0.4	0.43	0.42	0.43	0.43	0.3	0.33	0.3	0.42	0.44	0.44	0.53	0.43	0.35	0.42	0.51	0.33	0.71	0.27	0.34	1.1	0.76	0.56	0.22	0.33	0.47	0.1	0.37
2001	6886	1312	2845	2445	237	47	0.44	0.46	0.58	0.52	0.59	0.54	0.61	0.49	0.56	0.52	0.7	0.55	0.55	0.53	0.4	0.56	0.55	0.59	0.55	0.64	0.45	0.8	0.44	0.44	1.04	0.81	0.72	0.41	0.46	0.58	0.2	0.48
2002	6946	1345	2831	2468	252	49	0.74	0.76	0.91	0.59	0.65	0.54	0.61	0.55	0.64	0.57	0.59	0.42	0.63	0.64	0.68	0.71	0.57	0.6	0.63	0.71	0.56	0.82	0.6	0.48	1.27	0.96	0.59	0.55	0.66	0.49	0.29	0.88
2003	7367	1390	2959	2694	276	48	0.72	0.55	0.57	0.55	0.63	0.49	0.55	0.66	0.66	0.75	0.55	0.74	0.62	0.59	0.56	0.58	0.57	0.65	0.62	0.72	0.52	0.81	0.63	0.41	1.43	0.94	0.53	0.6	0.67	0.47	0.23	0.56
2004	7735	1435	3044	2904	298	54	0.58	0.7	0.66	0.63	0.42	0.43	0.27	0.45	0.53	0.66	0.72	0.52	0.55	0.57	0.67	0.57	0.38	0.64	0.55	0.68	0.42	0.75	0.56	0.32	0.63	0.92	0.69	0.56	0.57	0.49	0.21	-0.07
2005	8025	1477	3069	3098	320	60	0.72	0.58	0.69	0.69	0.65	0.66	0.66	0.63	0.77	0.8	0.76	0.68	0.69	0.68	0.61	0.68	0.65	0.78	0.69	0.84	0.55	0.99	0.64	0.46	1.99	1.16	0.56	0.61	0.67	0.51	0.21	0.79
2006	8307	1530	3092	3267	356	62	0.56	0.71	0.63	0.49	0.47	0.64	0.55	0.72	0.64	0.7	0.73	0.77	0.63	0.63	0.65	0.53	0.63	0.69	0.63	0.79	0.48	0.96	0.56	0.4	1.65	1.05	0.68	0.55	0.58	0.54	0.19	0.37
2007	8488	1561	3098	3382	382	66	0.96	0.69	0.71	0.75	0.68	0.58	0.62	0.61	0.64	0.6	0.57	0.49	0.66	0.68	0.81	0.71	0.6	0.61	0.66	0.83	0.49	1.09	0.47	0.48	1.9	1.3	0.69	0.45	0.5	0.54	0.06	1.16
2008	8738	1626	3125	3530	388	69	0.26	0.35	0.73	0.53	0.51	0.48	0.6	0.44	0.64	0.67	0.67	0.54	0.54	0.53	0.37	0.59	0.51	0.66	0.54	0.65	0.42	0.87	0.39	0.4	1.36	1.03	0.62	0.33	0.44	0.55	0.1	0.47
2009	8641	1580	3065	3517	415	64	0.61	0.53	0.53	0.61	0.64	0.65	0.72	0.66	0.7	0.65	0.78	0.65	0.64	0.64	0.56	0.59	0.68	0.71	0.64	0.7	0.59	0.74	0.68	0.5	1.2	0.59	0.68	0.66	0.71	0.61	0.18	0.81
2010	9137	1700	3129	3795	448	66	0.73	0.79	0.92	0.87	0.75	0.64	0.62	0.65	0.62	0.71	0.8	0.49	0.72	0.73	0.73	0.85	0.64	0.71	0.72	0.88	0.55	0.99	0.69	0.48	1.97	0.86	0.75	0.72	0.66	0.66	0.23	0.37
2011	9508	1762	3158	4027	496	64	0.51	0.51	0.64	0.65	0.53	0.58	0.74	0.73	0.57	0.66	0.56	0.54	0.6	0.6	0.5	0.61	0.69	0.6	0.6	0.71	0.49	0.93	0.38	0.58	2.06	0.91	0.58	0.39	0.37	0.68	0.26	0.92
2012	9671	1787	3214	4086	520	65	0.46	0.49	0.57	0.69	0.77	0.62	0.57	0.64	0.76	0.79	0.75	0.52	0.63	0.64	0.49	0.68	0.61	0.76	0.63	0.77	0.5	0.98	0.52	0.45	1.84	0.9	0.74	0.47	0.57	0.59	0.25	0.34
2013	9776	1806	3216	4131	554	68	0.67	0.56	0.65	0.53	0.62	0.65	0.59	0.66	0.77	0.7	0.81	0.67	0.66	0.64	0.58	0.6	0.63	0.76	0.66	0.76	0.55	0.88	0.58	0.54	1.17	1.03	0.7	0.58	0.57	0.64	0.3	0.67